0.000000 0.000000
0.010000 0.014306
0.020000 0.028612
0.030000 0.042918
0.040000 0.057225
0.050000 0.071531
0.060000 0.085837
0.070000 0.100143
0.080000 0.114449
0.090000 0.128755
0.100000 0.143062
0.110000 0.157368
0.120000 0.171674
0.130000 0.185980
0.140000 0.200286
0.150000 0.214592
0.160000 0.228898
0.170000 0.243205
0.180000 0.257511
0.190000 0.271817
0.200000 0.286123
0.210000 0.300429
0.220000 0.314735
0.230000 0.329041
0.240000 0.343348
0.250000 0.357654
0.260000 0.371960
0.270000 0.386266
0.280000 0.400572
0.290000 0.414878
0.300000 0.429185
0.310000 0.443491
0.320000 0.457797
0.330000 0.472103
0.340000 0.486409
0.350000 0.500715
0.360000 0.515021
0.370000 0.529328
0.380000 0.543634
0.390000 0.557940
0.400000 0.572246
0.410000 0.586552
0.420000 0.600858
0.430000 0.615165
0.440000 0.629471
0.450000 0.643777
0.460000 0.658083
0.470000 0.672389
0.480000 0.686695
0.490000 0.701001
0.500000 0.715308
0.510000 0.729614
0.520000 0.743920
0.530000 0.758226
0.540000 0.772532
0.550000 0.786838
0.560000 0.801144
0.570000 0.815451
0.580000 0.829757
0.590000 0.844063
0.600000 0.858369
0.610000 0.872675
0.620000 0.886981
0.630000 0.901288
0.640000 0.915594
0.650000 0.929900
0.660000 0.944206
0.670000 0.958512
0.680000 0.972818
0.690000 0.987124
0.700000 1.001431
0.710000 1.015737
0.720000 1.030043
0.730000 1.044349
0.740000 1.058655
0.750000 1.072961
0.760000 1.087268
0.770000 1.101574
0.780000 1.115880
0.790000 1.130186
0.800000 1.144492
0.810000 1.158798
0.820000 1.173104
0.830000 1.187411
0.840000 1.201717
0.850000 1.216023
0.860000 1.230329
0.870000 1.244635
0.880000 1.258941
0.890000 1.273247
0.900000 1.287554
0.910000 1.301860
0.920000 1.316166
0.930000 1.330472
0.940000 1.344778
0.950000 1.359084
0.960000 1.373391
0.970000 1.387697
0.980000 1.402003
0.990000 1.416309
1.000000 1.430615
1.010000 1.444921
1.020000 1.459227
1.030000 1.473534
1.040000 1.487840
1.050000 1.502146
1.060000 1.516452
1.070000 1.530758
1.080000 1.545064
1.090000 1.559371
1.100000 1.573677
1.110000 1.587983
1.120000 1.602289
1.130000 1.616595
1.140000 1.630901
1.150000 1.645207
1.160000 1.659514
1.170000 1.673820
1.180000 1.688126
1.190000 1.702432
1.200000 1.716738
1.210000 1.731044
1.220000 1.745351
1.230000 1.759657
1.240000 1.773963
1.250000 1.788269
1.260000 1.802575
1.270000 1.816881
1.280000 1.831187
1.290000 1.845494
1.300000 1.859800
1.310000 1.874106
1.320000 1.888412
1.330000 1.902718
1.340000 1.917024
1.350000 1.931330
1.360000 1.945637
1.370000 1.959943
1.380000 1.974249
1.390000 1.988555
1.400000 2.002861
1.410000 2.017167
1.420000 2.031474
1.430000 2.045780
1.440000 2.060086
1.450000 2.074392
1.460000 2.088698
1.470000 2.103004
1.480000 2.117310
1.490000 2.131617
1.500000 2.145923
1.510000 2.160229
1.520000 2.174535
1.530000 2.188841
1.540000 2.203147
1.550000 2.217454
1.560000 2.231760
1.570000 2.246066
1.580000 2.260372
1.590000 2.274678
1.600000 2.288984
1.610000 2.303290
1.620000 2.317597
1.630000 2.331903
1.640000 2.346209
1.650000 2.360515
1.660000 2.374821
1.670000 2.389127
1.680000 2.403433
1.690000 2.417740
1.700000 2.432046
1.710000 2.446352
1.720000 2.460658
1.730000 2.474964
1.740000 2.489270
1.750000 2.503577
1.760000 2.517883
1.770000 2.532189
1.780000 2.546495
1.790000 2.560801
1.800000 2.575107
1.810000 2.589413
1.820000 2.603720
1.830000 2.618026
1.840000 2.632332
1.850000 2.646638
1.860000 2.660944
1.870000 2.675250
1.880000 2.689557
1.890000 2.703863
1.900000 2.718169
1.910000 2.732475
1.920000 2.746781
1.930000 2.761087
1.940000 2.775393
1.950000 2.789700
1.960000 2.804006
1.970000 2.818312
1.980000 2.832618
1.990000 2.846924
2.000000 2.861230
2.010000 2.875536
2.020000 2.889843
2.030000 2.904149
2.040000 2.918455
2.050000 2.932761
2.060000 2.947067
2.070000 2.961373
2.080000 2.975680
2.090000 2.989986
2.100000 3.004292
2.110000 3.018598
2.120000 3.032904
2.130000 3.047210
2.140000 3.061516
2.150000 3.075823
2.160000 3.090129
2.170000 3.104435
2.180000 3.118741
2.190000 3.133047
2.200000 3.147353
2.210000 3.161660
2.220000 3.175966
2.230000 3.190272
2.240000 3.204578
2.250000 3.218884
2.260000 3.233190
2.270000 3.247496
2.280000 3.261803
2.290000 3.276109
2.300000 3.290415
2.310000 3.304721
2.320000 3.319027
2.330000 3.333333
2.340000 3.347639
2.350000 3.361946
2.360000 3.376252
2.370000 3.390558
2.380000 3.404864
2.390000 3.419170
2.400000 3.433476
2.410000 3.447783
2.420000 3.462089
2.430000 3.476395
2.440000 3.490701
2.450000 3.505007
2.460000 3.519313
2.470000 3.533619
2.480000 3.547926
2.490000 3.562232
2.500000 3.576538
2.510000 3.590844
2.520000 3.605150
2.530000 3.619456
2.540000 3.633763
2.550000 3.648069
2.560000 3.662375
2.570000 3.676681
2.580000 3.690987
2.590000 3.705293
2.600000 3.719599
2.610000 3.733906
2.620000 3.748212
2.630000 3.762518
2.640000 3.776824
2.650000 3.791130
2.660000 3.805436
2.670000 3.819742
2.680000 3.834049
2.690000 3.848355
2.700000 3.862661
2.710000 3.876967
2.720000 3.891273
2.730000 3.905579
2.740000 3.919886
2.750000 3.934192
2.760000 3.948498
2.770000 3.962804
2.780000 3.977110
2.790000 3.991416
2.800000 4.005722
2.810000 4.020029
2.820000 4.034335
2.830000 4.048641
2.840000 4.062947
2.850000 4.077253
2.860000 4.091559
2.870000 4.105866
2.880000 4.120172
2.890000 4.134478
2.900000 4.148784
2.910000 4.163090
2.920000 4.177396
2.930000 4.191702
2.940000 4.206009
2.950000 4.220315
2.960000 4.234621
2.970000 4.248927
2.980000 4.263233
2.990000 4.277539
3.000000 4.291845
3.010000 4.306152
3.020000 4.320458
3.030000 4.334764
3.040000 4.349070
3.050000 4.363376
3.060000 4.377682
3.070000 4.391989
3.080000 4.406295
3.090000 4.420601
3.100000 4.434907
3.110000 4.449213
3.120000 4.463519
3.130000 4.477825
3.140000 4.492132
3.150000 4.506438
3.160000 4.520744
3.170000 4.535050
3.180000 4.549356
3.190000 4.563662
3.200000 4.577969
3.210000 4.592275
3.220000 4.606581
3.230000 4.620887
3.240000 4.635193
3.250000 4.649499
3.260000 4.663805
3.270000 4.678112
3.280000 4.692418
3.290000 4.706724
3.300000 4.721030
3.310000 4.735336
3.320000 4.749642
3.330000 4.763948
3.340000 4.778255
3.350000 4.792561
3.360000 4.806867
3.370000 4.821173
3.380000 4.835479
3.390000 4.849785
3.400000 4.864092
3.410000 4.878398
3.420000 4.892704
3.430000 4.907010
3.440000 4.921316
3.450000 4.935622
3.460000 4.949928
3.470000 4.964235
3.480000 4.978541
3.490000 4.992847
3.500000 5.000000
3.510000 4.985694
3.520000 4.971388
3.530000 4.957082
3.540000 4.942775
3.550000 4.928469
3.560000 4.914163
3.570000 4.899857
3.580000 4.885551
3.590000 4.871245
3.600000 4.856938
3.610000 4.842632
3.620000 4.828326
3.630000 4.814020
3.640000 4.799714
3.650000 4.785408
3.660000 4.771102
3.670000 4.756795
3.680000 4.742489
3.690000 4.728183
3.700000 4.713877
3.710000 4.699571
3.720000 4.685265
3.730000 4.670959
3.740000 4.656652
3.750000 4.642346
3.760000 4.628040
3.770000 4.613734
3.780000 4.599428
3.790000 4.585122
3.800000 4.570815
3.810000 4.556509
3.820000 4.542203
3.830000 4.527897
3.840000 4.513591
3.850000 4.499285
3.860000 4.484979
3.870000 4.470672
3.880000 4.456366
3.890000 4.442060
3.900000 4.427754
3.910000 4.413448
3.920000 4.399142
3.930000 4.384835
3.940000 4.370529
3.950000 4.356223
3.960000 4.341917
3.970000 4.327611
3.980000 4.313305
3.990000 4.298999
4.000000 4.284692
4.010000 4.270386
4.020000 4.256080
4.030000 4.241774
4.040000 4.227468
4.050000 4.213162
4.060000 4.198856
4.070000 4.184549
4.080000 4.170243
4.090000 4.155937
4.100000 4.141631
4.110000 4.127325
4.120000 4.113019
4.130000 4.098712
4.140000 4.084406
4.150000 4.070100
4.160000 4.055794
4.170000 4.041488
4.180000 4.027182
4.190000 4.012876
4.200000 3.998569
4.210000 3.984263
4.220000 3.969957
4.230000 3.955651
4.240000 3.941345
4.250000 3.927039
4.260000 3.912732
4.270000 3.898426
4.280000 3.884120
4.290000 3.869814
4.300000 3.855508
4.310000 3.841202
4.320000 3.826896
4.330000 3.812589
4.340000 3.798283
4.350000 3.783977
4.360000 3.769671
4.370000 3.755365
4.380000 3.741059
4.390000 3.726753
4.400000 3.712446
4.410000 3.698140
4.420000 3.683834
4.430000 3.669528
4.440000 3.655222
4.450000 3.640916
4.460000 3.626609
4.470000 3.612303
4.480000 3.597997
4.490000 3.583691
4.500000 3.569385
4.510000 3.555079
4.520000 3.540773
4.530000 3.526466
4.540000 3.512160
4.550000 3.497854
4.560000 3.483548
4.570000 3.469242
4.580000 3.454936
4.590000 3.440629
4.600000 3.426323
4.610000 3.412017
4.620000 3.397711
4.630000 3.383405
4.640000 3.369099
4.650000 3.354793
4.660000 3.340486
4.670000 3.326180
4.680000 3.311874
4.690000 3.297568
4.700000 3.283262
4.710000 3.268956
4.720000 3.254649
4.730000 3.240343
4.740000 3.226037
4.750000 3.211731
4.760000 3.197425
4.770000 3.183119
4.780000 3.168813
4.790000 3.154506
4.800000 3.140200
4.810000 3.125894
4.820000 3.111588
4.830000 3.097282
4.840000 3.082976
4.850000 3.068670
4.860000 3.054363
4.870000 3.040057
4.880000 3.025751
4.890000 3.011445
4.900000 2.997139
4.910000 2.982833
4.920000 2.968526
4.930000 2.954220
4.940000 2.939914
4.950000 2.925608
4.960000 2.911302
4.970000 2.896996
4.980000 2.882690
4.990000 2.868383
5.000000 2.854077
5.010000 2.839771
5.020000 2.825465
5.030000 2.811159
5.040000 2.796853
5.050000 2.782546
5.060000 2.768240
5.070000 2.753934
5.080000 2.739628
5.090000 2.725322
5.100000 2.711016
5.110000 2.696710
5.120000 2.682403
5.130000 2.668097
5.140000 2.653791
5.150000 2.639485
5.160000 2.625179
5.170000 2.610873
5.180000 2.596567
5.190000 2.582260
5.200000 2.567954
5.210000 2.553648
5.220000 2.539342
5.230000 2.525036
5.240000 2.510730
5.250000 2.496423
5.260000 2.482117
5.270000 2.467811
5.280000 2.453505
5.290000 2.439199
5.300000 2.424893
5.310000 2.410587
5.320000 2.396280
5.330000 2.381974
5.340000 2.367668
5.350000 2.353362
5.360000 2.339056
5.370000 2.324750
5.380000 2.310443
5.390000 2.296137
5.400000 2.281831
5.410000 2.267525
5.420000 2.253219
5.430000 2.238913
5.440000 2.224607
5.450000 2.210300
5.460000 2.195994
5.470000 2.181688
5.480000 2.167382
5.490000 2.153076
5.500000 2.138770
5.510000 2.124464
5.520000 2.110157
5.530000 2.095851
5.540000 2.081545
5.550000 2.067239
5.560000 2.052933
5.570000 2.038627
5.580000 2.024320
5.590000 2.010014
5.600000 1.995708
5.610000 1.981402
5.620000 1.967096
5.630000 1.952790
5.640000 1.938484
5.650000 1.924177
5.660000 1.909871
5.670000 1.895565
5.680000 1.881259
5.690000 1.866953
5.700000 1.852647
5.710000 1.838340
5.720000 1.824034
5.730000 1.809728
5.740000 1.795422
5.750000 1.781116
5.760000 1.766810
5.770000 1.752504
5.780000 1.738197
5.790000 1.723891
5.800000 1.709585
5.810000 1.695279
5.820000 1.680973
5.830000 1.666667
5.840000 1.652361
5.850000 1.638054
5.860000 1.623748
5.870000 1.609442
5.880000 1.595136
5.890000 1.580830
5.900000 1.566524
5.910000 1.552217
5.920000 1.537911
5.930000 1.523605
5.940000 1.509299
5.950000 1.494993
5.960000 1.480687
5.970000 1.466381
5.980000 1.452074
5.990000 1.437768
6.000000 1.423462
6.010000 1.409156
6.020000 1.394850
6.030000 1.380544
6.040000 1.366237
6.050000 1.351931
6.060000 1.337625
6.070000 1.323319
6.080000 1.309013
6.090000 1.294707
6.100000 1.280401
6.110000 1.266094
6.120000 1.251788
6.130000 1.237482
6.140000 1.223176
6.150000 1.208870
6.160000 1.194564
6.170000 1.180258
6.180000 1.165951
6.190000 1.151645
6.200000 1.137339
6.210000 1.123033
6.220000 1.108727
6.230000 1.094421
6.240000 1.080114
6.250000 1.065808
6.260000 1.051502
6.270000 1.037196
6.280000 1.022890
6.290000 1.008584
6.300000 0.994278
6.310000 0.979971
6.320000 0.965665
6.330000 0.951359
6.340000 0.937053
6.350000 0.922747
6.360000 0.908441
6.370000 0.894134
6.380000 0.879828
6.390000 0.865522
6.400000 0.851216
6.410000 0.836910
6.420000 0.822604
6.430000 0.808298
6.440000 0.793991
6.450000 0.779685
6.460000 0.765379
6.470000 0.751073
6.480000 0.736767
6.490000 0.722461
6.500000 0.708155
6.510000 0.693848
6.520000 0.679542
6.530000 0.665236
6.540000 0.650930
6.550000 0.636624
6.560000 0.622318
6.570000 0.608011
6.580000 0.593705
6.590000 0.579399
6.600000 0.565093
6.610000 0.550787
6.620000 0.536481
6.630000 0.522175
6.640000 0.507868
6.650000 0.493562
6.660000 0.479256
6.670000 0.464950
6.680000 0.450644
6.690000 0.436338
6.700000 0.422031
6.710000 0.407725
6.720000 0.393419
6.730000 0.379113
6.740000 0.364807
6.750000 0.350501
6.760000 0.336195
6.770000 0.321888
6.780000 0.307582
6.790000 0.293276
6.800000 0.278970
6.810000 0.264664
6.820000 0.250358
6.830000 0.236052
6.840000 0.221745
6.850000 0.207439
6.860000 0.193133
6.870000 0.178827
6.880000 0.164521
6.890000 0.150215
6.900000 0.135908
6.910000 0.121602
6.920000 0.107296
6.930000 0.092990
6.940000 0.078684
6.950000 0.064378
6.960000 0.050072
6.970000 0.035765
6.980000 0.021459
6.990000 0.007153
